39

2 17

4 6

4 1

6 4 2 1

4 26

1 3 4 3

3 8

1 1 2

5 15

5 5 2 4 6

3 6

4 1 1

5 18

2 5 5 6 2

4 24

6 4 2 1

3 22

1 6 1

4 28

2 1 2 6

1 21

1

4 9

1 2 2 1

3 21

3 4 4

4 10

1 1 4 4

4 26

2 6 1 5

1 27

2

5 25

3 4 1 2 3

2 5

5 4

4 6

5 1 4 6

3 5

2 6 3

3 11

3 2 1

1 27

6

2 25

3 5

2 16

6 1

4 30

4 5 2 5

2 3

2 2

4 28

5 2 4 2

1 24

6

4 5

3 2 2 2

5 26

4 5 4 4 2

5 9

2 6 2 6 4

1 2

6

5 15

6 5 5 3 4

3 8

4 6 5

3 4

5 5 1

2 2

6 6

2 18

3 3

4 6

6 3 6 2

2 14

5 5
